[[2.55889426e-01 8.67210601e-01 5.41090185e-01 1.02695107e+00
  3.67414985e-01 2.14595860e-01 2.05792243e-01 4.07278483e+00
  1.09972710e+01 2.56340933e+01 4.39084131e+01 2.35441568e+01
  6.06605499e+00 1.01253142e+00 1.72582486e-01 4.53208192e-01
  3.55760078e-01 5.89305113e-01 2.60454880e-01 3.34115408e-01]
 [4.99877700e-02 3.86288239e-01 7.93631028e-02 1.61906667e-01
  4.78078330e-02 1.68672337e-01 1.93590205e-02 2.03107972e+00
  5.34855143e+00 1.73118853e+01 2.81201369e+01 8.49542734e+00
  4.91923041e+00 1.06183546e-01 5.66606038e-01 3.32860213e-01
  7.58582842e-01 1.78078175e-01 4.55058751e-01 2.82668341e-01]]
30
29
28
27
26
25
24
23
22
21
20
19
18
17
16
15
14
13
12
11
10
9
8
7
6
5
4
3
2
1
