[[1.62826487e+00 0.00000000e+00 7.41505891e-02 2.17500079e+00
  2.65551433e-01 1.34358291e+00 2.26386655e+00 6.59419421e-01
  1.39412310e+00 1.86944297e-01 1.82218486e+00 4.37055701e+00
  7.70948927e-01 1.01197064e+00 2.29401880e+00 2.01075857e+00
  3.32586556e+00 1.91059745e+00 6.67926352e-01 1.45777791e+00
  1.59511805e+00 3.61560653e+00 1.35082112e+00 4.16207845e+00
  1.94003814e+00 0.00000000e+00 2.36265325e+00 2.87114714e+00
  2.13339356e+00 3.94307470e+00 8.16862768e+00 6.96861291e+00
  3.43688408e+00 4.16441234e+00 8.93615076e+00 7.74852090e+00
  9.90767836e+00 1.61959943e+01 5.74313369e+00 1.19872841e+01
  1.76594722e+01 6.89103169e+00 1.22469175e+01 4.94498305e+00
  5.91746062e+00 1.42139003e+01 5.32673325e+00 5.47167460e+00
  4.70628656e+00 5.03929694e-01 4.70470343e+00 1.82062453e+00
  2.63225173e+00 4.30253940e+00 2.92795461e+00 4.00978747e+00
  3.72195248e+00 3.00110267e+00 4.31478027e+00 2.87720355e+00
  1.43640067e+00 1.91005511e+00 4.70837594e+00 2.07568066e+00
  1.42311178e-01 4.93539180e-01 3.33840911e+00 3.43405559e+00
  1.96168134e+00 3.03885177e+00 0.00000000e+00 1.57694245e-01
  3.63389264e+00 8.94703717e-01 0.00000000e+00 3.05417636e+00
  7.71742111e-01 0.00000000e+00 7.85939587e-01 9.49688755e-01]
 [1.25179552e+00 6.03319181e-01 1.54356072e-01 2.58496750e-01
  2.28999829e+00 2.47006192e+00 1.30321705e-01 1.19586921e+00
  3.19418904e-01 1.16720788e+00 2.86992150e+00 5.93770358e-01
  2.51824692e+00 2.32158295e+00 1.34730077e+00 1.44786592e+00
  3.63122291e+00 3.91619615e-01 1.03879812e+00 2.96910007e+00
  1.54055703e+00 3.98671332e+00 0.00000000e+00 1.40215309e+00
  3.22106895e+00 0.00000000e+00 6.70309607e-01 1.22872803e+00
  1.02871366e+00 2.74154565e+00 2.06497748e+00 2.10666270e+00
  1.07187277e+00 2.86480392e+00 1.58269715e+00 3.69299374e+00
  6.95446757e+00 6.97358831e+00 2.53519273e+00 5.28600123e+00
  7.20129189e+00 5.66334313e+00 4.74572349e+00 7.13024634e+00
  4.18566807e+00 3.57516853e+00 2.39783675e+00 1.71905289e+00
  3.65434288e+00 0.00000000e+00 1.38388513e-01 4.02354386e+00
  1.74187165e+00 1.89130693e+00 4.46705882e+00 4.00581402e+00
  7.94452315e-01 0.00000000e+00 2.15298791e+00 4.19616556e+00
  1.83565205e+00 2.90444900e-01 2.26191051e+00 4.46852963e+00
  1.02132727e+00 1.22384154e+00 2.42655974e+00 0.00000000e+00
  1.47290234e-02 1.01884440e+00 2.77429565e+00 9.96320759e-01
  8.96141047e-01 0.00000000e+00 2.22793865e+00 1.66717586e+00
  4.59941731e-01 7.15466227e-01 0.00000000e+00 6.28330021e-01]]
299
298
297
296
295
294
293
292
291
290
289
288
287
286
285
284
283
282
281
280
279
278
277
276
275
274
273
272
271
270
269
268
267
266
265
264
263
262
261
260
259
258
257
256
255
254
253
252
251
250
249
248
247
246
245
244
243
242
241
240
239
238
237
236
235
234
233
232
231
230
229
228
227
226
225
224
223
222
221
220
219
218
217
216
215
214
213
212
211
210
209
208
207
206
205
204
203
202
201
200
199
198
197
196
195
194
193
192
191
190
189
188
187
186
185
184
183
182
181
180
179
178
177
176
175
174
173
172
171
170
169
168
167
166
165
164
163
162
161
160
159
158
157
156
155
154
153
152
151
150
149
148
147
146
145
144
143
142
141
140
139
138
137
136
135
134
133
132
131
130
129
128
127
126
125
124
123
122
121
120
119
118
117
116
115
114
113
112
111
110
109
108
107
106
105
104
103
102
101
100
99
98
97
96
95
94
93
92
91
90
89
88
87
86
85
84
83
82
81
80
79
78
77
76
75
74
73
72
71
70
69
68
67
66
65
64
63
62
61
60
59
58
57
56
55
54
53
52
51
50
49
48
47
46
45
44
43
42
41
40
39
38
37
36
35
34
33
32
31
30
29
28
27
26
25
24
23
22
21
20
19
18
17
16
15
14
13
12
11
10
9
8
7
6
5
4
3
2
1
